0
64
238
241
35
233
33
235
224
99
113
4
192
241
33
233
35
232
243
33
224
99
113
14
192
208
33
224
113
26
192
35
233
33
224
99
113
31
192
32
0
34
0
80
3
171
245
187
192
240
40
0
177
248
177
33
186
233
186
185
220
185
241
186
245
186
245
18
75
149
18
77
133
64
78
241
149
106
121
62
186
224
186
120
52
192
32
32
80
25
164
28
96
209
64
50
38
1
64
105
164
20
49
38
0
40
0
177
248
177
33
233
186
220
185
241
186
245
186
183
245
183
182
245
182
18
144
183
149
183
243
182
148
182
18
152
183
133
183
182
132
182
64
153
241
183
149
183
243
182
148
182
106
121
115
186
224
186
120
107
192
208
187
80
86
44
1
32
0
34
32
171
246
18
179
80
3
64
181
80
13
240
210
141
189
208
140
188
32
32
175
181
174
180
80
100
174
245
26
202
80
100
32
16
34
32
80
31
173
181
172
180
80
100
33
233
28
221
113
214
192
32
0
34
16
107
171
246
18
234
80
3
64
181
80
13
64
181
32
0
80
25
36
3
46
9
80
161
36
2
46
4
80
161
36
48
37
187
228
208
187
181
248
181
32
16
34
0
80
31
80
39
80
39
32
0
34
16
80
3
247
139
187
80
39
187
37
224
165
28
3
32
0
80
25
96
80
25
300
301